V ns dB CH0 errCH0 CH2 errCH2 dB
1.7 13 17.97 4.55 0.01 0.41 0
1.7 13.5 31.91 6.06 0.01 0.41 0
1.7 14 52.54 7.78 0.01 0.41 0
1.7 14.5 80.97 9.6 0.02 0.41 0
1.7 15 117.85 11.55 0.03 0.41 0
1.7 15.5 164.52 13.54 0.05 0.42 0
1.7 16 220.56 15.52 0.06 0.42 0
1.7 16.5 287.1 17.47 0.08 0.42 0
1.7 17 363.66 19.19 0.11 0.42 0
1.175 46 422.35 21.79 2.83 0.44 0
1.175 47 472.92 22.93 3.16 0.45 0
1.175 48 526.87 24.14 3.52 0.45 0
1.175 49 588.1 25.46 3.94 0.46 0
1.175 50 650.28 26.82 4.35 0.46 0
1.13 60 680.51 27.71 4.4 0.47 0
1.13 61 727.85 28.73 4.7 0.48 0
1.13 63 827.9 30.48 5.34 0.48 0
1.13 65 948.74 32.4 6.11 0.5 0
1.075 100 1356.83 39.8 0.36 0.93 0
1.085 100 1683.13 44.0 0.45 0.93 0
1.0 100 876.99 19.32 19.13 1.12 9
1.05 100 1744.95 18.43 48.02 1.26 9
1.07 100 2034.63 16.12 66.51 1.34 9
1.085 100 2225.42 14.99 82.1 1.35 9
1.3 100 3433.24 9.32 547.11 2.91 9
1.055 100 1936.61 18.17 56.18 1.24 9
1.06 100 1984.65 17.79 59.04 1.26 9
1.075 100 2208.05 15.99 75.48 1.33 9
1.08 100 2284.28 15.4 82.6 1.37 9
1.085 100 2319.84 15.14 86.25 1.39 9
1.09 100 2387.68 14.69 93.86 1.43 9
1.095 100 2452.15 14.14 102.0 1.47 9
1.105 100 2543.35 13.53 115.23 1.51 9
1.11 100 2574.63 13.29 120.3 1.54 9
1.115 100 2629.19 12.92 129.92 1.57 9
1.12 100 2677.39 12.62 139.24 1.62 9
1.125 100 2701.77 12.48 144.29 1.64 9
1.13 100 2749.4 12.15 154.96 1.69 9
1.135 100 2772.61 12.01 160.44 1.71 9
1.14 100 2816.75 11.74 171.65 1.76 9
1.145 100 2860.21 11.52 183.6 1.82 9
1.15 100 2880.79 11.42 189.96 1.83 9
1.155 100 2921.01 11.23 202.43 1.88 9
1.16 100 2940.59 11.1 208.91 1.9 9
1.165 100 2977.69 10.91 222.03 1.96 9
1.17 100 3013.21 10.76 235.57 2.02 9
1.18 100 3063.68 10.53 256.41 2.08 9
1.19 100 3113.03 10.35 278.76 2.16 9