V ns dB CH0with errCH0 CH1 errCH1 dB
1.7 13 17.93 4.57 0.35 0.8 0
1.7 13.5 31.83 6.09 0.62 0.96 0
1.7 14 52.42 7.8 1.02 1.17 0
1.7 14.5 80.78 9.62 1.58 1.4 0
1.7 15 117.58 11.56 2.3 1.64 0
1.7 15.5 164.14 13.56 3.22 1.93 0
1.7 16 220.05 15.52 4.34 2.21 0
1.7 16.5 286.42 17.48 5.67 2.5 0
1.7 17 362.77 19.19 7.23 2.83 0
1.175 46 420.52 21.73 8.16 3.0 0
1.175 47 470.82 22.86 9.16 3.17 0
1.175 48 524.51 24.06 10.17 3.33 0
1.175 49 585.41 25.36 11.36 3.51 0
1.175 50 647.25 26.72 12.59 3.71 0
1.13 60 677.48 27.61 13.1 3.77 0
1.13 61 724.75 28.64 14.01 3.89 0
1.13 63 824.81 30.37 15.94 4.17 0
1.13 65 945.83 32.27 18.33 4.43 0
1.075 100 1356.83 39.8 25.14 5.27 0
1.085 100 1683.13 44.0 31.27 5.87 0
1.045 200 4191.82 69.31 77.74 9.18 0
1.0 100 876.99 19.32 31.4 5.91 9
1.05 100 1744.95 18.43 74.03 8.97 9
1.07 100 2034.63 16.12 99.59 10.34 9
1.085 100 2225.432 14.974 128.008 11.763 9
1.300 100 3433.009 9.312 684.209 26.973 9