1.7 13 17.93 4.57 0.35 0.8
1.7 13.5 31.83 6.09 0.62 0.96
1.7 14 52.42 7.8 1.02 1.17
1.7 14.5 80.78 9.62 1.58 1.4
1.7 15 117.58 11.56 2.3 1.64
1.7 15.5 164.14 13.56 3.22 1.93
1.7 16 220.05 15.52 4.34 2.21
1.7 16.5 286.42 17.48 5.67 2.5
1.7 17 362.77 19.19 7.23 2.83
1.175 46 420.52 21.73 8.16 3.0
1.175 47 470.82 22.86 9.16 3.17
1.175 48 524.51 24.06 10.17 3.33
1.175 49 585.41 25.36 11.36 3.51
1.175 50 647.25 26.72 12.59 3.71
1.13 60 677.48 27.61 13.1 3.77
1.13 61 724.75 28.64 14.01 3.89
1.13 63 824.81 30.37 15.94 4.17
1.13 65 945.83 32.27 18.33 4.43