1.7 13 17.606 0.023 0.47 0.024
1.7 13.5 31.513 0.024 0.962 0.023
1.7 14 52.11 0.027 1.479 0.042
1.7 14.5 80.455 0.032 1.95 0.021
1.7 15 117.262 0.035 2.696 0.021
1.7 15.5 163.816 0.044 3.645 0.025
1.7 16 219.771 0.041 4.786 0.029
1.7 16.5 286.145 0.047 6.128 0.049
1.7 17 362.758 0.052 7.887 0.043
1.175 46 420.156 0.062 8.881 0.054
1.175 47 470.546 0.063 9.955 0.065
1.175 48 524.317 0.063 10.952 0.051
1.175 49 585.147 0.073 12.129 0.072
1.175 50 646.966 0.075 13.626 0.066
1.13 60 677.23 0.073 14.046 0.082
1.13 61 724.392 0.081 15.14 0.091
1.13 63 824.494 0.083 17.214 0.098
1.13 65 945.753 0.085 19.621 0.118