257.13 16.239 28.394 6.325 15 1.7
148.542 12.622 26.084 7.153 14 1.7
73.948 9.051 21.892 7.351 13 1.7
29.821 5.775 14.601 5.671 12 1.7
413.089 16.014 31.655 5.855 17.5 1.7
471.906 19.888 30.004 5.03 18 1.7
16.684 4.258 11.393 5.455 13 1.7
29.879 5.692 15.5 6.098 13.5 1.7
49.399 7.319 19.944 7.25 14 1.7
76.271 9.072 23.625 8.022 14.5 1.7
111.156 10.923 26.395 8.058 15 1.7
155.279 12.804 28.461 7.941 15.5 1.7
208.322 14.587 30.024 7.553 16 1.7
271.249 16.542 31.247 7.111 16.5 1.7
343.907 18.397 31.966 6.55 17 1.7
399.064 20.547 33.257 6.474 46 1.175
446.974 21.751 33.594 6.266 47 1.175
498.069 22.813 34.079 5.994 48 1.175
555.903 24.1 34.401 5.749 49 1.175
614.686 25.336 34.601 5.563 50 1.175
643.298 26.188 34.946 5.519 60 1.13
687.961 27.11 35.081 5.352 61 1.13
782.611 28.752 35.423 5.062 63 1.13
897.096 30.718 35.663 4.749 65 1.13